20 9 12 
17 11 19 15 5 10 2 13 16 
100 
3 0 2 2 0 
15 0 5 6 12 6 7 1 
4 0 1 0 
17 0 4 15 4 12 14 
16 0 1 1 
0 1 10 8 20 15 19 12 4 13 7 19 7 
12 1 3 17 15 13 
11 0 2 8 5 
20 0 9 8 6 4 3 13 6 4 12 6 
12 0 3 2 6 6 
2 1 2 4 4 
9 0 3 5 2 0 
4 0 2 3 3 
1 0 3 0 0 0 
10 0 11 3 3 3 8 8 7 8 9 1 2 7 
13 1 1 17 
20 0 7 9 9 15 10 12 3 10 
16 1 6 20 17 20 20 18 20 
20 0 4 17 16 0 17 
14 1 2 17 16 
0 1 4 4 12 19 19 
15 0 2 2 6 
4 1 8 12 13 20 14 11 20 9 8 
2 0 6 0 1 0 1 0 0 
2 0 11 0 1 1 1 0 0 1 1 1 1 1 
14 1 12 17 17 19 17 17 20 18 18 20 17 20 18 
14 1 10 16 15 16 18 19 18 20 19 19 19 
20 0 5 15 2 0 17 18 
0 1 1 12 
7 0 6 5 3 0 6 4 5 
16 1 9 20 19 19 18 19 18 19 20 20 
11 0 6 1 8 7 3 3 0 
5 1 10 14 13 15 11 11 16 8 7 18 8 
15 1 11 19 16 17 17 20 16 16 20 16 19 20 
6 1 11 8 14 17 10 17 12 10 19 12 17 14 
1 0 3 0 0 0 
16 1 5 18 17 18 17 20 
9 0 12 1 7 7 8 3 0 8 6 0 7 6 0 
7 0 12 6 0 2 0 5 6 0 6 1 5 2 3 
1 0 6 0 0 0 0 0 0 
17 1 10 20 20 18 18 20 20 19 19 19 18 
6 1 8 14 13 13 10 9 12 8 7 
11 0 2 1 4 
12 0 11 3 5 5 8 10 2 9 3 9 4 10 
12 0 10 9 8 3 8 5 0 2 9 1 3 
8 0 10 0 0 2 3 4 1 6 3 5 7 
18 0 9 16 10 2 7 14 3 1 13 8 
15 0 9 10 8 6 4 5 14 6 8 4 
1 0 2 0 0 
8 0 6 2 0 2 1 6 0 
19 0 6 4 12 9 8 2 2 
18 0 1 15 
3 0 4 2 2 2 0 
14 0 12 4 1 11 12 3 11 13 6 12 3 2 4 
11 1 7 17 17 18 15 12 16 14 
9 0 8 0 6 2 8 0 4 1 0 
15 0 9 8 4 9 4 5 3 4 11 2 
5 1 4 20 9 15 11 
10 1 7 16 15 16 11 18 16 11 
15 0 10 2 4 6 0 5 2 4 11 6 10 
18 0 7 16 7 17 12 3 16 9 
4 0 12 1 1 1 1 0 2 1 0 1 3 0 2 
1 1 10 18 19 2 3 15 18 8 16 7 6 
0 1 12 13 12 2 8 5 15 16 12 9 9 7 2 
9 1 5 14 15 16 14 17 
18 1 5 19 19 19 20 20 
13 1 12 20 18 19 19 18 18 16 20 17 20 18 14 
4 0 11 1 3 0 0 1 2 3 1 0 0 2 
14 0 4 10 6 2 6 
3 0 5 1 2 0 1 2 
6 1 12 18 12 17 9 9 12 7 19 13 9 14 17 
10 1 8 19 20 16 13 19 14 17 18 
16 0 6 0 15 14 12 3 9 
2 0 2 1 0 
5 0 9 1 0 2 4 4 1 2 1 3 
17 0 6 1 12 5 14 1 10 
5 0 3 4 0 2 
4 0 5 2 0 0 2 2 
3 0 12 1 0 0 0 1 2 1 2 1 1 0 0 
13 0 5 1 2 3 3 11 
14 1 10 20 17 18 17 20 18 17 16 20 18 
1 1 11 11 16 5 20 15 3 16 18 5 9 4 
17 1 5 18 19 18 18 19 
8 0 2 6 4 
10 1 5 18 11 14 17 20 
4 0 12 1 0 1 1 2 2 2 2 0 1 0 1 
17 1 3 20 18 20 
4 1 11 17 19 17 11 7 9 10 5 15 19 8 
8 0 10 4 1 4 0 1 4 1 1 0 4 
12 1 8 18 14 15 20 13 16 14 19 
10 1 3 15 15 12 
19 1 11 20 20 20 20 20 20 20 20 20 20 20 
8 1 2 9 14 
12 1 10 19 19 18 13 15 18 15 18 14 19 
11 0 4 5 5 5 0 
11 1 3 17 14 19 
13 0 9 4 5 7 1 3 7 5 6 6 
11 1 5 17 12 17 19 13 
3 1 6 17 5 5 16 7 11 
2 1 9 8 19 11 14 9 6 5 19 5 